# Statue 3D Reconstruction
# X Y Z coordinates
-4.481813 -2.697574 8.248045
1.290204 -0.032609 3.623335
-4.382710 -2.681796 8.172121
0.265265 -1.983785 7.498902
1.285075 -0.032622 3.623643
0.265656 -1.991643 7.526874
1.288030 -0.033710 3.619249
0.265523 -1.988219 7.510076
1.754783 -1.625306 4.455470
1.756070 -1.629214 4.461476
-4.375319 -2.685737 8.170062
-4.345089 -2.678940 8.127923
1.226278 -0.578652 3.572256
-0.655674 -0.119822 4.019592
-0.518790 0.637631 3.111379
-6.582028 -1.487577 8.436374
1.475870 -0.703098 3.566611
-8.928752 -1.453235 11.512233
1.196271 -0.203154 3.322258
-1.608026 -0.042855 4.468816
-4.127172 -3.367074 7.213764
-4.256071 -3.351001 7.201692
-1.602626 -0.042853 4.462677
-3.486609 3.032127 6.179859
1.490522 -0.328745 3.322018
0.730523 2.648370 5.932606
-1.056349 2.381831 6.207764
0.400965 2.844294 5.931604
-2.308443 2.417418 6.443461
-1.052648 0.172373 4.284298
-7.443565 3.389522 13.065128
0.396327 2.850190 5.935139
-8.896702 -1.438213 11.479404
-4.128291 -3.358961 7.195578
-4.128733 -3.367681 7.214308
-4.252606 -3.349026 7.195960
-4.445830 -3.345188 7.225879
-4.468316 -3.344710 7.230633
-1.607605 -0.043105 4.467674
-8.815517 -1.458434 11.475083
-8.883979 -1.437620 11.468243
-1.057580 2.385267 6.213861
-0.780183 2.921156 6.034362
-1.603608 -0.043086 4.465067
-2.754455 1.644501 6.800887
-0.439170 -0.141011 3.767610
-3.488649 3.032979 6.197933
0.730388 2.649446 5.934278
-0.382062 -0.171494 3.710392
1.225209 -0.578242 3.574159
0.397364 2.856098 5.943930
-8.810634 -1.458136 11.467771
-4.130540 -3.361759 7.200938
-4.171405 -3.371702 7.228568
-4.148286 -3.359462 7.201838
-4.268145 -3.359015 7.220739
-4.526440 -3.343375 7.239883
1.472226 -0.701982 3.559442
-6.403910 2.895790 13.154912
-8.874014 -1.442949 11.460474
0.230028 -2.182541 6.661827
-3.488649 3.032979 6.197933
-6.579864 -1.485288 8.432236
1.489589 -0.328625 3.322598
-4.117953 -3.360503 7.197781
-3.489716 3.034889 6.185842
1.196673 -0.202490 3.324471
-4.456056 -3.336911 7.209774
0.497550 -1.314259 4.514099
-4.155647 -3.362752 7.202739
1.578628 -1.392021 4.263067
-4.297702 -3.364819 7.238411
1.225546 -0.583457 3.567347
-4.255968 -3.353327 7.206058
-6.370966 2.875362 13.083143
-0.630672 -0.581981 4.002051
-4.292524 -3.361259 7.228035
-4.480111 -3.341966 7.223867
-4.450552 -3.353542 7.239173
-2.913177 0.101219 4.537737
-1.274699 -0.562242 4.736657
1.205992 -0.313357 3.524678
-3.469896 3.029239 6.188710
-1.052473 0.169341 4.282160
1.225657 -0.586836 3.564942
-2.918212 0.100088 4.540973
-2.809061 -0.041848 4.514510
-2.847198 1.617013 6.869958
-6.929147 -3.351445 14.318034
0.055049 -3.243325 6.652292
2.635990 -1.024023 3.665856
1.785033 -0.495548 3.712012
-0.448175 0.089143 3.885861
0.118162 -2.751525 6.599609
-1.809393 0.092861 4.711207
0.707607 3.468104 5.866503
-3.825161 3.741636 6.392743
-0.738607 3.438541 6.435413
-6.050598 -2.373275 14.140196
-6.555521 -2.293376 8.454159
-0.771695 3.576491 5.964145
2.626508 -0.789149 3.394676
-6.059204 -2.392543 14.180819
-6.486915 -2.392085 14.252300
-5.893940 -3.393174 14.281872
-5.766357 -3.397186 14.228761
-7.004298 -2.284544 14.206589
-5.915386 -3.406073 14.265967
-7.040916 -3.428904 14.221617
-7.068570 -3.437762 14.258099
1.585799 -0.501934 3.632267
-0.754847 0.085790 4.225567
-3.840209 3.072631 7.214741
-0.753046 0.083114 4.215431
2.615454 -1.396884 3.682719
0.060561 -3.244857 6.663484
-1.036683 3.475516 6.227930
-6.877728 -2.360353 14.287120
-7.012516 -3.418157 14.160289
-3.863831 2.360130 7.346420
-5.889811 -2.389116 14.169692
1.315895 -0.366506 3.665023
-6.046421 -2.389778 14.144549
1.312638 -0.362195 3.661135
-3.881909 2.354969 7.354258
0.055251 -3.237582 6.635766
-3.823188 3.738036 6.389663
-6.061926 -2.377726 14.162074
-0.744471 3.463783 6.426934
2.626168 -0.789173 3.395212
1.296259 0.098699 3.480738
-5.883017 -3.389912 14.187953
-5.880534 -3.384565 14.249136
-6.881876 -2.363372 14.285094
-6.073674 -2.359950 14.114836
-5.750833 -3.390817 14.191582
0.708033 3.469149 5.869986
-1.242328 -0.245327 4.517320
-1.237165 -0.246512 4.509929
-3.835690 3.067775 7.206311
0.056436 -3.239334 6.638463
-6.045917 -2.389794 14.144530
-7.215956 -2.095381 14.378252
-5.896403 -2.390566 14.184313
-6.990141 -2.153433 14.044195
-6.885617 -3.599442 14.571309
1.297078 0.099558 3.483477
-5.900809 -3.395076 14.230335
-6.094039 -3.375045 14.272428
-3.101255 2.252159 7.595571
-5.745792 -3.388232 14.176733
-6.900997 -3.351304 14.248419
2.625011 -0.789213 3.393931
-1.031673 3.467015 6.169685
-3.814950 3.729469 6.373668
-3.860891 2.358528 7.338192
-5.939309 -3.415100 14.228768
-7.206359 -2.093929 14.360151
-6.054438 -2.359444 14.077911
-7.041138 -3.428289 14.223358
-5.805426 -2.399213 14.060134
-0.738401 3.445955 6.443813
-3.822313 3.736758 6.383201
-5.875142 -3.376699 14.249233
-5.906133 -2.394248 14.199600
-6.455282 -2.382742 14.173976
-0.772851 -1.936628 7.397757
-5.906464 -3.398214 14.248254
0.116318 -2.751998 6.603652
-7.020646 -2.161248 14.095946
-0.739116 3.440306 6.435739
-7.042540 -3.426321 14.227261
-6.982356 -2.288089 14.191965
-0.724935 3.468194 6.436646
1.315734 -0.369627 3.657937
-2.530850 2.901088 7.236881
-5.918000 -3.403322 14.167761
-1.090317 3.425819 6.224639
1.302848 -0.065423 3.680048
-5.811297 -2.431214 14.171369
-6.968881 -2.289996 14.161712
-5.995082 -3.405872 14.293528
-1.038034 3.467840 6.174200
-0.737036 -0.411433 4.095840
1.315406 -0.369897 3.656464
-6.958644 -2.285907 14.134906
-7.072944 -3.532888 14.077692
-1.042588 3.469122 6.173273
-7.072479 -3.437387 14.294625
-7.111500 -2.195679 14.272770
-0.737902 -0.411424 4.095681
-3.246699 0.265088 4.792391
-3.825385 3.070040 7.245821
-2.446215 2.907639 7.226595
-0.726328 3.465204 6.430607
-3.128505 0.115245 4.733672
-6.964661 -2.153805 13.967945
-7.005533 -2.299833 14.237525
-1.047106 3.496202 6.209833
2.028780 1.235859 3.653179
-5.276017 -3.049343 11.774525
-5.589171 -2.886322 11.715196
-3.243248 3.399001 5.929400
0.713788 3.063528 5.475308
0.693446 3.134455 5.262976
-0.641074 3.164247 5.667187
-0.644504 3.158318 5.659540
-5.604180 -2.880538 11.731832
-5.678732 -2.656672 11.994961
-0.608618 3.206048 5.356866
0.530371 3.064565 5.123045
-3.326473 3.304575 6.019812
-5.841256 -3.038943 11.854541
0.661528 3.053915 5.583964
-6.400574 -2.539767 12.091500
-6.395094 -2.534382 12.049695
-0.394159 0.423014 3.402199
-5.428509 -2.813608 12.020427
-5.600065 -2.876488 11.689611
0.528346 3.043609 5.097914
-5.700553 -2.831599 11.672803
-3.392650 1.977546 6.660479
-6.132213 -2.784604 12.124738
-3.656158 3.466113 5.837851
-0.320511 0.834917 3.193036
-0.561204 3.181512 5.572346
0.679877 3.065207 5.539231
-0.898221 3.036698 5.828489
-0.320388 0.832811 3.189261
-0.547607 3.195733 5.566404
-5.437774 -2.816817 12.036555
0.712962 3.063426 5.476802
-6.381777 -2.530265 12.023503
-0.641546 3.162969 5.665494
-0.645391 3.163188 5.665887
-6.593533 -2.957582 11.854376
1.544360 -0.860671 3.378204
-5.482313 -3.002321 11.752269
0.690702 3.120979 5.246581
-5.825672 -3.033885 11.826558
-0.588480 3.171972 5.600484
-5.217258 -2.851082 12.021416
-6.235199 -2.596938 12.019324
-3.320881 3.297647 6.009371
-3.403571 1.975762 6.660835
-6.134097 -2.796083 12.148411
-3.387816 1.972390 6.649280
-6.491354 -1.372570 12.489745
-5.683368 -2.825853 11.637953
0.657882 3.092694 5.233090
-5.673262 -2.656526 11.981326
-6.270052 -2.920884 11.804224
-0.547338 3.205917 5.579348
-0.641682 3.162696 5.662150
-3.329209 3.306047 6.019336
-0.874404 3.043947 5.823544
-5.691554 -2.861018 11.702354
-0.394085 0.426274 3.405312
1.545318 -0.860623 3.379935
-0.651623 3.152150 5.651812
-6.372924 -2.773084 11.686605
-5.284400 -3.056343 11.789267
-5.552016 -2.874815 11.633875
-6.445011 -2.770551 11.946808
-6.392185 -2.537237 12.073845
-0.642387 3.162638 5.662047
-0.873505 3.040282 5.817471
-0.545758 3.204028 5.574420
-5.861703 -3.046045 11.887276
-2.716598 0.210855 4.476094
-5.288969 -3.022848 11.723943
-0.876154 3.048760 5.829161
-5.444612 -3.028987 11.746605
-5.544438 -2.875347 11.617413
-6.235958 -2.600536 12.011240
-1.763235 -1.491766 6.337939
-6.400081 -2.756849 11.866529
-2.152922 -0.528668 6.426865
-0.564329 3.200630 5.587222
-5.383741 -3.068660 11.874503
-6.488517 -2.758245 12.029563
-3.257878 3.411810 5.943624
-6.318205 -2.814430 11.776675
-0.874351 3.033410 5.807886
-6.508173 -2.768141 12.059636
-5.846498 -3.038269 11.845057
-1.974330 2.518989 6.569506
-6.248867 -2.606212 12.020493
-6.923197 4.275180 12.716029
-6.201929 -2.718552 12.052301
-1.972732 2.513193 6.554329
-0.562033 3.184308 5.562512
-6.502138 -2.765763 12.037429
-0.884646 3.062469 5.842637
-6.450336 -2.769351 11.944986
-6.213112 -2.593320 11.940882
-2.876585 0.304686 4.196639
-3.708696 3.251559 7.366177
-7.336506 -5.000083 12.773882
2.595525 -0.202780 3.176198
-7.281979 -4.994167 12.711169
-7.431609 -4.804892 12.634520
1.154294 0.293948 3.579255
-7.250836 -5.098683 12.805074
-7.623929 -3.582977 13.544254
-6.427750 -5.111583 12.669618
-3.624179 3.386908 7.313498
-7.663453 -3.608155 13.639012
-7.019553 -5.130487 12.800111
-7.142937 2.151756 9.005456
-4.089584 3.493574 7.228136
1.306572 0.560383 3.474931
1.154776 0.296069 3.578953
-3.744973 3.210880 7.381859
-3.761193 3.216970 7.405816
-0.318184 1.193138 3.576816
-7.520981 -4.784796 12.771189
-7.197149 -5.091786 12.740995
-7.702735 -3.070254 13.696929
-7.651265 -3.603416 13.617999
-2.236731 3.573875 6.462570
-1.700136 -0.097182 4.426358
-7.634359 -3.588896 13.563210
-7.147320 2.153425 9.009954
1.536847 0.323663 3.201184
-3.764334 2.323561 7.888653
-7.276440 -4.990850 12.700887
-7.183250 -5.083773 12.716474
-6.528018 -4.958522 12.602755
-7.568071 -5.001775 12.538048
-3.720965 3.260647 7.382391
-3.753344 3.220721 7.397981
-3.614264 3.373702 7.283575
-7.248635 -5.097853 12.792058
-6.579808 -4.965211 12.660434
-3.711043 3.251514 7.363151
-7.328746 -4.995696 12.746343
-7.724288 -3.074223 13.735767
-3.617454 3.376433 7.286751
1.374539 0.070725 3.493955
1.304883 0.559037 3.471213
1.369707 0.066982 3.482176
-7.317129 -4.990349 12.726512
-7.587437 -5.011992 12.567073
-7.709005 -3.070340 13.718049
-2.934246 0.285755 4.812797
1.304607 0.558064 3.469162
-7.599969 -5.018713 12.587755
-2.933644 0.285066 4.809919
-7.709380 -3.068455 13.718138
-7.368901 -4.858860 12.721444
-2.451431 -1.077952 6.788417
-2.290435 -1.467143 6.632239
-3.200177 0.418834 4.548641
-2.615175 -0.691064 6.939487
-3.087797 0.525718 4.476538
-7.351314 -4.842303 12.675252
